Ind.ID origin.pop pred.pop BM BN ITCS SICO SP CROA FR GR MAC
BM_1 BM GR 0.324203925986227 0.0373961943978013 0.00336469254892492 0.00835468849079911 0.00872599096753558 0.016717520554321 0.00812162644251909 0.545336308896211 0.0477790517156609
BM_2 BM GR 0.31414041672474 0.0431917186995418 0.00559954602522464 0.00813936145019606 0.00660089495922677 0.0201693939298338 0.00606915393578326 0.532931982753097 0.0631575315223565
BM_6 BM GR 0.31175461074717 0.0414431054378685 0.00947757851280831 0.0148027813255793 0.0122575540424741 0.0154579436603798 0.0178219071024832 0.525316798782917 0.0516677203883193
BM_7 BM GR 0.316278764040377 0.0464266947876775 0.00414743079043747 0.00574887105038486 0.00452608067275979 0.021393331934569 0.00462819189280713 0.536336388980504 0.0605142458504842
BM_11 BM GR 0.307013171331345 0.0328292262693745 0.0166041043136364 0.0139588658232735 0.0121161947526917 0.0131883171497751 0.0169182130576262 0.518223460557025 0.0691484467452528
BM_16 BM GR 0.315125007577109 0.0465367195478636 0.00410421546497616 0.00529308430842228 0.00348878941731652 0.0245261220581843 0.00388441747941291 0.536920589164724 0.0601210549819909
BM_18 BM GR 0.313403466957304 0.0433475899204302 0.00427099100136945 0.0122192126021946 0.0129470630266164 0.0163255002599881 0.00874097722539052 0.52670585044834 0.062039348558366
BM_22 BM GR 0.312743796724762 0.0382730071235279 0.00950999166775166 0.012826632715613 0.00901029863430184 0.0183356714644086 0.0108531141576188 0.53459687597974 0.0538506115322762
BM_26 BM GR 0.318627379630001 0.0461002341994674 0.00282374782697748 0.00527734702889894 0.00600084180835527 0.0179438177078594 0.0045006934739229 0.533643934877029 0.0650820034474883
BM_31 BM GR 0.315121628052898 0.0378644458365727 0.0101455944051004 0.00708992216837781 0.00565801957896032 0.0145125975479884 0.00794304976060505 0.53150765599301 0.0701570866564873
BM_33 BM GR 0.318514348271527 0.0373136695065892 0.00349879412989759 0.00242973681420429 0.0018783652630316 0.0248047374250986 0.00231822823074731 0.536922168776208 0.072319951582696
BM_36 BM GR 0.313136548480967 0.0436298611140429 0.00774819482122064 0.00626399972362514 0.00361979795050332 0.0208603589736465 0.00537170733407688 0.534808688191561 0.0645608434103562
BM_38 BM GR 0.241653726244362 0.0411272606413627 0.0455354031693756 0.0487540031223514 0.0299832742281099 0.0158390729242312 0.075137172799485 0.442906363911397 0.059063722959325
BM_44 BM GR 0.319446448150943 0.0342742147175957 0.00561804340695213 0.00383454097578091 0.00313645783112977 0.0202731847346786 0.00343829245110248 0.538401348883497 0.0715774688483204
BM_45 BM GR 0.320883364083223 0.0353663704711061 0.00474146955719371 0.00420943043738191 0.00434544665760496 0.0169441698720897 0.00404618054228892 0.537926496049948 0.0715370723291641
BN_5 BN GR 0.310720170030711 0.0357982000647729 0.014263911764638 0.00828227761512204 0.00472553272184179 0.0185025780511559 0.00767968556276209 0.532406040178682 0.0676216040103138
BN_6 BN GR 0.319893676688047 0.0356433292195498 0.00363953984057207 0.0044913842539763 0.00441832409346878 0.0229200388945585 0.00308028408625969 0.535312974985176 0.0706004479383923
ITCS_3 ITCS FR 0.00432673807826986 0.00547250583269404 0.238435827984787 0.232739566111438 0.0730374252095305 0.00400092550377957 0.432234401414825 0.00417015419712229 0.00558245566755332
ITCS_4 ITCS FR 0.00742465650724211 0.00752140285372554 0.210707372483963 0.232044911308739 0.0843921579272394 0.0064431604094858 0.437246284536084 0.00673027570823361 0.00748977826528763
ITCS_11 ITCS FR 0.00232799558028331 0.00202699895797017 0.254891973271151 0.228728896683084 0.045041140132898 0.00247436057498827 0.458606564495432 0.00250114651979271 0.00340092378440126
ITCS_13 ITCS FR 0.0124938313305452 0.00697051184096988 0.237162353708853 0.209312169137046 0.0508106235674618 0.00788341682241565 0.449719899707948 0.0158852001786658 0.00976199370609576
ITCS_16 ITCS FR 0.012335885632002 0.0102044967778394 0.23535511415359 0.216456423100666 0.0649765487912588 0.0069816466583048 0.428438760708644 0.0147168580368867 0.0105342661408081
ITCS_17 ITCS FR 0.0077607332905663 0.00491196450433698 0.244682222476747 0.222351587442038 0.0543542175582249 0.00686477782176125 0.444597811748631 0.00821829718677486 0.00625838797091983
ITCS_20 ITCS FR 0.00185693576351362 0.00194952927180597 0.237669883036176 0.233065959728605 0.0597799221971801 0.00345921505952325 0.457808128312242 0.00165503406517889 0.00275539256577584
ITCS_21 ITCS FR 0.0316715778268582 0.00949684756376582 0.210587509729176 0.195356852193166 0.0512459608055272 0.0152421119148993 0.432247957313556 0.0400119942872535 0.0141391883657987
ITCS_23 ITCS FR 0.00826933103965467 0.00426414680099444 0.249150610504096 0.211201181099514 0.0417068695244759 0.00573841820623267 0.461497577236535 0.0109384726268526 0.0072333929616431
ITCS_24 ITCS FR 0.00138914644395684 0.00182177252902434 0.234500524087526 0.226939096162877 0.0608283864120081 0.00195050617722529 0.467634729439356 0.00154613675630736 0.00338970199171923
ITCS_26 ITCS FR 0.0176620694817308 0.00898195342740101 0.242472211505749 0.198092383455433 0.0425888880163932 0.00740336650889769 0.440100489528773 0.0290620120889948 0.0136366259866271
ITCS_27 ITCS FR 0.0204699641259903 0.012053638557943 0.229063713992448 0.18995388425016 0.0502444292561613 0.00777028194363102 0.436433861767197 0.0352297256505213 0.0187805004559489
ITCS_29 ITCS FR 0.00320972324537045 0.00279990379798537 0.227573301440944 0.222012329337222 0.0625556550446286 0.00468959261999636 0.469682870702153 0.00311986479646869 0.00435675901523134
ITCS_38 ITCS FR 0.0270970648016741 0.00694190374609009 0.203046930275405 0.195566788375021 0.0520275175254823 0.0180600050509934 0.457101911117536 0.0280639843370888 0.0120938947707091
ITCS_40 ITCS FR 0.0505910640477879 0.0257258848405581 0.16854980964586 0.170583716525043 0.0662868708343389 0.0143345118472117 0.389714607412996 0.0834495860744967 0.0307639487717069
SICO_2 SICO FR 0.0052152846237152 0.00542639926060611 0.217516301881105 0.220469288895315 0.0759086067742206 0.00472012698248777 0.457742807655806 0.00558451769810354 0.0074166662286406
SICO_3 SICO FR 0.00683943117867121 0.00469124865431967 0.226344743569195 0.213594156578707 0.0607838369816241 0.00673648724477208 0.466518126745732 0.00727932560291197 0.00721264344406821
SICO_4 SICO FR 0.00371784954100276 0.00316616026357169 0.257644887345023 0.229087258059705 0.0475187787141005 0.00375391367584333 0.446958893419066 0.00394682743613483 0.00420543154555291
SICO_9 SICO FR 0.0434885342084086 0.0214935362914837 0.220814399062777 0.154038601472776 0.0443073246733009 0.00993058826876928 0.376239230569022 0.096796126304458 0.0328916591490051
SICO_13 SICO FR 0.00549771588848478 0.00577415819262491 0.211835131089333 0.221113515251771 0.0792382569616497 0.00498404859943168 0.458145286202434 0.00575162443135188 0.00766026338291908
SICO_16 SICO FR 0.00523951989930139 0.00400122651585649 0.228706897237105 0.210559020284604 0.0571517517692434 0.00459903796237714 0.47548958828038 0.00660808342839612 0.00764487462273685
SICO_22 SICO FR 0.0116923018228768 0.010571686452695 0.248969954577425 0.213657743802247 0.0561482805902456 0.00567913676980594 0.425619501923852 0.0161866396082571 0.0114747544525968
SICO_23 SICO FR 0.014941252542146 0.010536970353724 0.209661958491897 0.211943432310501 0.0740574287962233 0.00923399729152252 0.441016698470326 0.0164494888034148 0.0121587729402452
SICO_28 SICO FR 0.023816211601641 0.00927208883433419 0.210469838881713 0.195305626862251 0.056498157853046 0.0134131727146298 0.448165539708881 0.0289135125234387 0.0141458510200653
SICO_29 SICO FR 0.0014622562858437 0.00224198683701505 0.218926827506907 0.244264431625679 0.0821192341922786 0.00234430945067987 0.44470763327763 0.00129522552940862 0.0026380952945587
SICO_30 SICO FR 0.0401759990736286 0.0134460903162545 0.205871189409901 0.192490613863093 0.0520443854514855 0.0143533164432465 0.406946501034046 0.0579471604253451 0.0167247439830001
SICO_32 SICO FR 0.00461939267028258 0.00313036231074029 0.245700013758524 0.215088633515995 0.0446087547600197 0.00373613073513331 0.470926378395427 0.00599740842154754 0.00619292543233063
SICO_35 SICO FR 0.0139467075643203 0.0090385095268178 0.176857114560785 0.213178443074385 0.0866276365581231 0.0118127891262809 0.464028303205808 0.0128069299356634 0.0117035664478159
SICO_42 SICO FR 0.0241651235649005 0.0141759825911071 0.179724484800949 0.20792365599552 0.0806294642897297 0.0132014384932222 0.438116263952038 0.0262468748315907 0.0158167114809425
SP_3 SP FR 0.044261446359174 0.0161898276955634 0.171940636585934 0.198029183226223 0.0690400780664547 0.0169508035781758 0.4101535411238 0.0547895646331339 0.0186449187315413
SP_6 SP FR 0.00698881183409484 0.00395942927662379 0.229113053463875 0.211898099354286 0.0533322307582685 0.00763244315002131 0.473548206224842 0.00715930126134036 0.00636842467664815
SP_7 SP FR 0.000815346098487906 0.00110653118587455 0.211315455149182 0.24074921153256 0.0777843561058334 0.00214522742934384 0.463798354319218 0.000727648560346464 0.0015578696191539
SP_9 SP FR 0.00325332960955425 0.00367603946767879 0.176757639994771 0.242334323791541 0.0932710664051398 0.00396848654234502 0.469348710536187 0.00309208269764769 0.00429832095513588
CROA_1 CROA GR 0.296151397797929 0.0346293640064686 0.0224952909732332 0.0165414789507182 0.0136911999617845 0.0118991491849075 0.026711115173475 0.508602674751008 0.0692783292004762
CROA_2 CROA GR 0.314052767946213 0.0438532627760627 0.00582546792265464 0.00696621889216087 0.00496588982462256 0.0211918926206422 0.00538211432405547 0.534132461061323 0.0636299246322645
FR_2 FR FR 0.00110330054318256 0.00183857195658405 0.244609377610914 0.240981497242556 0.0660616471416901 0.00174065445091737 0.440228428575136 0.00101816135104881 0.00241836112796969
FR_5 FR FR 0.0187483433404198 0.0142541915142458 0.175666363676505 0.207562531683123 0.0839470137775464 0.0109290072006913 0.45171489569479 0.0206286990287335 0.0165489540839459
FR_6 FR FR 0.00559828055632009 0.00549614525840182 0.243575933537375 0.227609812701446 0.0643717644128717 0.00488386744179946 0.436737759503175 0.00569087303974627 0.00603556354886541
FR_7 FR FR 0.013501989129152 0.0116250755758292 0.168083622353718 0.234482492976329 0.0918857156541399 0.0100662214321793 0.447271306007353 0.0118749128831711 0.0112086639881284
FR_15 FR FR 0.0049701036448 0.00363242773523432 0.213917833176674 0.234995016188503 0.0802985405055276 0.00721358921604213 0.446186204554862 0.00383706554513053 0.0049492194332258
FR_16 FR FR 0.00519363081448768 0.00479777609000836 0.215165121244757 0.21982216440652 0.0752712670808692 0.00552882914690023 0.46237840368317 0.00515622024805935 0.00668658728522841
FR_30 FR FR 0.00819814047845285 0.0075836134385235 0.203824959700288 0.216797952880083 0.0807479424394977 0.00657128186241824 0.457932595823155 0.00859474487470117 0.00974876850288051
FR_38 FR FR 0.00903682779609249 0.00616946898450873 0.230310004441149 0.216376057783389 0.0624403318700254 0.00734554844263708 0.450563702474462 0.00967652304002952 0.00808153516770722
FR_41 FR FR 0.0047962213483028 0.00310816177291014 0.227219932463713 0.216766995659102 0.0564255425914617 0.00678798996651732 0.475253486804772 0.0046504538127631 0.00499121558045731
FR_43 FR FR 0.0360524595698081 0.010698579157632 0.231460380548475 0.185266418156778 0.0388269098779093 0.0116695926842942 0.406942807406427 0.0639155003821842 0.0151673522164927
FR_48 FR FR 0.00242568559482158 0.00326314820211422 0.212538151406679 0.24923204306567 0.0873649140762371 0.00330487768348285 0.43646587152248 0.00210589750122341 0.00329941094729175
FR_50 FR FR 0.00460516773583539 0.00375270590715814 0.228674518227288 0.218285676868963 0.0619311795420965 0.00519054010767173 0.466953999671066 0.00480096364606724 0.00580524829385394
FR_51 FR FR 0.023816211601641 0.00927208883433419 0.210469838881713 0.195305626862251 0.056498157853046 0.0134131727146298 0.448165539708881 0.0289135125234387 0.0141458510200653
FR_52 FR FR 0.00233281602397825 0.00329854954901179 0.245746340807092 0.246112384182274 0.0743278299622573 0.00299320935866917 0.420080750770421 0.00199637596745163 0.00311174337884384
FR_55 FR FR 0.0135662153344517 0.00712580380913982 0.272844585570037 0.212879907256621 0.0400636611176281 0.00654597145488058 0.418837671668813 0.0197400490555447 0.00839613473288371
FR_56 FR FR 0.00290821611715104 0.0026419483439962 0.228135137486455 0.229982871847322 0.0680619995041358 0.00492681807921526 0.457191862402448 0.00247838352514763 0.00367276269412893
FR_57 FR FR 0.00568378477672254 0.00420152416087157 0.242158790753422 0.22037237319245 0.0531893856036901 0.00535564580287959 0.456811478523946 0.00625352799169659 0.00597348919432112
FR_58 FR FR 0.00217748834020677 0.00194941948767975 0.270347225170096 0.237142293253528 0.0440488552224881 0.00190028566396945 0.437362437086397 0.00217963280834329 0.00289236296729178
FR_59 FR FR 0.00403608866931947 0.00433408206223723 0.260277342082608 0.229286663621415 0.0527399221718794 0.00327220574753549 0.43622908292485 0.00448335559516482 0.00534125712499101
FR_60 FR FR 0.00447414413332049 0.0050627038419776 0.229929730906836 0.22691412213427 0.0724402989354038 0.00425764745264193 0.446326106199789 0.00451204405871062 0.0060832023370506
FR_63 FR FR 0.00575827933927903 0.00420007025661153 0.239507542165686 0.220650944457186 0.0553745260660434 0.00571743624361282 0.45679190351703 0.0061087429951881 0.00589055495936316
FR_67 FR FR 0.00118167592389152 0.00114625107069558 0.250549282774231 0.238370936492642 0.0454931324146556 0.00169633950329597 0.458639503602073 0.0011647016329093 0.00175817658560613
FR_72 FR FR 0.0162456470562716 0.0122655665738054 0.204600283595018 0.203590036496126 0.0732893472725895 0.00853859408559877 0.445231547721513 0.0204885592126304 0.0157504179864471
FR_75 FR FR 0.00234592247106921 0.0025323399657082 0.266862575776563 0.241598539994361 0.0501510541653431 0.00267413352282792 0.428753482183657 0.00223894585643031 0.00284300606404044
FR_79 FR FR 0.00389092531839008 0.00327566075441603 0.243127488212471 0.224807146145217 0.0540462167822318 0.00440073716510305 0.457722712760822 0.00404544831043804 0.00468366455091183
FR_80 FR FR 0.0214090080989536 0.0152297279002809 0.205291834319627 0.203521348018609 0.0715835308353187 0.00981713831715239 0.429050231094898 0.0274449137083422 0.0166522677068188
FR_82 FR FR 0.00215811874730348 0.00149079938616854 0.23275651558256 0.230528653656501 0.052630628824232 0.00560953867070617 0.470598263894834 0.00184935160583375 0.00237812963186201
FR_84 FR FR 0.0401606250222614 0.0220851044215464 0.191823489713236 0.189943866897154 0.0644074459343606 0.012746530650455 0.396259783477031 0.0610972996439913 0.0214758542399639
FR_85 FR FR 0.00700284375355943 0.00484870770544691 0.223322914578008 0.213755362593847 0.0637406923439015 0.00701768563840307 0.465735910559292 0.00726108114313389 0.00731480168440891
GR_3 GR GR 0.318544725804669 0.0368744474085881 0.006708496079201 0.00598954029334533 0.00588844886278566 0.0145212519262989 0.00649498849284296 0.534004888137876 0.0709732129943933
GR_6 GR GR 0.278429118293111 0.0355091183258985 0.0381484227428412 0.0310280758729864 0.0179422587970029 0.015270984698198 0.0371748851811289 0.486275085254886 0.0602220508339474
GR_7 GR GR 0.314924166746666 0.0398553083237773 0.00639838067363932 0.00716241097198262 0.00577025195858133 0.0190972637833447 0.00550532102213297 0.532934217183523 0.0683526793363534
GR_8 GR GR 0.322196703309766 0.03481033325841 0.00360115078282169 0.00383343994860397 0.004388892576041 0.0178097822133025 0.00345129403336229 0.538479627466994 0.0714287764106983
GR_9 GR GR 0.318719654355381 0.0367861361961642 0.00426660778004568 0.00478012499093371 0.00438314094650953 0.0213861158935651 0.00345751335183945 0.535675918453376 0.0705447880321858
GR_12 GR GR 0.320176233233704 0.0466618130132281 0.00226804335038549 0.00577367997705126 0.0069998598205575 0.018795895193718 0.00484072624667667 0.536067550143773 0.0584161990209061
GR_14 GR GR 0.323356896465123 0.0356636470584127 0.00447971165909876 0.00941965304153666 0.00858316886686354 0.0162482410521858 0.00951013673788632 0.546058578571452 0.0466799665474407
GR_19 GR GR 0.297792115627153 0.0404439452451342 0.01552853065474 0.0243628580004968 0.0179646387716607 0.0155631500297315 0.0256672755785391 0.507480141120546 0.0551973449719998
GR_21 GR GR 0.323318427004276 0.0450014157074967 0.00150350324520285 0.0027252615039679 0.00321818997700828 0.0235486599478187 0.00245374327215026 0.543790419451573 0.0544403798905063
GR_26 GR GR 0.325649439991932 0.0441252510091651 0.00139848116087471 0.0030159926335753 0.00416951967631307 0.020716172678211 0.00291490963626748 0.544066033051275 0.0539442001623865
GR_30 GR GR 0.320194164560435 0.0471091024283263 0.00230852262043256 0.00420802713784972 0.00508870400627439 0.0184219034522547 0.00389633416340757 0.535529229964886 0.063244011666133
GR_32 GR GR 0.307151408076529 0.0390967826275577 0.0142787108969969 0.0140724584296994 0.0104116919068686 0.0149949902097284 0.0140889073700344 0.52076091393804 0.0651441365445447
GR_38 GR GR 0.316481025952177 0.045793217761172 0.00352737921327631 0.00486874585742349 0.00424695837807965 0.0210834465605989 0.00371943727522099 0.534346899303134 0.065932889698918
GR_39 GR GR 0.323321176664704 0.0303746579676363 0.00474461604017334 0.00290674749338872 0.00300437311014368 0.0209706115482391 0.00304066098691035 0.53988748854483 0.0717496676439749
GR_40 GR GR 0.312216876576907 0.0320113230908112 0.0122304101933413 0.0123301483708291 0.0111601299931914 0.0149997448328864 0.0110456250299518 0.52504854390034 0.0689571980117422
GR_42 GR GR 0.316535106965753 0.0456259499273318 0.00514156787093059 0.00797513943137438 0.00810503168657804 0.0156046388123649 0.00851518411945209 0.529929726692552 0.0625676544936629
GR_52 GR GR 0.3148869862679 0.0448332571197061 0.00580279763709995 0.00722921338855372 0.00537754179038802 0.0199440045673887 0.00606456864025288 0.534799600227283 0.0610620303614266
GR_62 GR GR 0.321250958520292 0.042293434476996 0.00134162281393998 0.00211162168675851 0.0028262425635573 0.0225306468815408 0.00169579314375815 0.535419925722908 0.0705297541902488
GR_63 GR GR 0.312081977489201 0.0405216570069439 0.00906860316885697 0.0102078617934283 0.00788610017212706 0.0170385932463928 0.00871043098269712 0.529106945042757 0.065377831097595
GR_64 GR GR 0.310453289576906 0.0412512452896157 0.00866586113483228 0.0130998396483724 0.0115582024067716 0.0150998040008115 0.011836517520522 0.523101339097263 0.0649339013249061
GR_68 GR GR 0.314728111554604 0.0432328025240375 0.00573844178352202 0.0119509907388916 0.011090571437192 0.0168590391079248 0.0106068508682638 0.530381030273847 0.0554121617117171
GR_70 GR GR 0.321856199775446 0.0432989484886901 0.0013067860274794 0.00246907321776791 0.00359979195617992 0.0200630339827667 0.00201237457720543 0.535642301956373 0.0697514900180917
GR_72 GR GR 0.305567839074744 0.0364319648968 0.0174976318771946 0.0152684351633662 0.00954258301920635 0.0166837311951297 0.0142636483232078 0.524081815644111 0.0606623508062398
GR_76 GR GR 0.275460610213593 0.0425540097790954 0.031158303520583 0.0297591860708968 0.0185426739696566 0.0143779965938209 0.0479975343157311 0.485189639389174 0.0549600461474497
GR_77 GR GR 0.306872540578319 0.0328118856815729 0.0172167721877256 0.0147551288324969 0.0114326269313428 0.0151319593767338 0.0135532923078329 0.520094461519463 0.0681313325845136
MAC_7 MAC GR 0.319282672334895 0.0413657549334084 0.003835367721229 0.00263950534600427 0.00238169448634968 0.0183176234253147 0.00294735210130659 0.53774653004098 0.0714834996105119
MAC_9 MAC GR 0.321684680234765 0.0347958142768282 0.00447463202075853 0.00401548597399303 0.00435046641261261 0.0165997659738473 0.00398661064895812 0.538395575696317 0.0716969687619199
MAC_10 MAC GR 0.312872582438753 0.0386003529452945 0.00811474503284014 0.0112846502371458 0.0109695635864764 0.0137907254243246 0.0114492674236507 0.52450241382272 0.0684156990887955
